31.2304 121.4737
39.9042 116.4074
40.7128 -74.006
51.5074 -0.1278
35.6895 139.6917
35.155602 74.609371
22.6005 -12.137468
-40.016679 53.864366
-23.588941 46.281693
-30.469067 147.240608
59.430564 -14.230466
19.220963 -122.390152
-40.971339 80.623133
-32.046604 44.840008
-11.774838 49.683545
3.115763 -60.651007
49.076586 159.188821
-34.499932 30.079066
-27.57356 42.87479
36.608175 32.983179
-20.680597 -30.872832
43.602236 -18.809227
19.053395 -43.963882
-12.898923 -111.71364
-18.32801 89.433155
37.53867 66.197412
-53.16183 73.423733
0.766411 42.018416
34.141075 -132.548731
59.856205 57.273196
-13.074169 -74.89783
19.321099 30.733284
-37.426918 -102.756145
35.407734 -31.153776
-8.218706 -3.211485
-1.148417 179.710153
39.736235 4.463432
55.945763 66.797049
32.932226 110.191143
-59.17389 -121.535062
40.441719 -95.925714
-35.267842 95.564255
-35.324893 123.127323
-0.18789 -68.44954
20.118163 20.298601
-17.071972 112.045528
-41.632594 -77.750364
30.947271 -38.877076
32.994618 136.985747
11.278341 139.093933
15.669435 -123.167338
-27.250176 -32.944896
-40.589047 85.615132
-47.879876 -21.446705
-52.540516 -44.879756
-17.606165 61.084179
-42.297599 -75.570903
58.264328 -161.535136
14.074973 67.630916
45.255091 135.347834
-34.825496 26.248722
41.996582 154.282672
16.8097 -101.690281
-21.126724 53.262813
-51.318016 33.442663
-10.443582 -119.565587
59.288316 -55.029969
50.980164 101.336488
-44.262041 65.895856
-59.473085 -81.579652
-28.944509 25.957651
-26.117702 177.159764
40.546249 -68.357543
-12.002891 23.874592
-1.937087 122.549644
-38.859068 10.984947
41.332828 -127.364572
8.901902 -62.188718
3.022086 122.755649
-7.742117 79.313218
37.499611 -153.127029
36.279275 20.96105
-5.452095 -14.010661
6.314667 63.1659
-29.366952 138.142493
-56.505306 104.179221
-5.21043 -173.84958
31.834589 59.423007
-47.576371 97.20208
35.049708 145.815748
4.335054 68.337195
-39.63354 -157.748887
15.763867 -113.523993
48.29552 68.296293
52.098989 147.536574
-17.546962 14.547408
6.88662 -62.895552
-27.304783 103.068923
52.667376 -133.040621
44.766498 -60.0914
-1.645483 41.92039
-11.189602 125.234917
7.060093 -125.747423
-54.980831 -26.845511
-50.996776 -57.014118
-6.933584 115.127093
-48.296909 45.269223
-59.5076 -49.695041
-3.053684 68.885234
39.75431 -157.165391
-0.410076 154.046284
6.062741 67.055297
-0.525583 2.58972
1.149903 -12.263408
11.612127 29.256457
44.686475 -86.603231
42.533442 30.405851
9.222826 157.769994
43.600715 144.847088
16.553244 -144.52385
-21.468257 136.897772
22.094764 -101.744612
32.768607 166.836287
-4.152132 78.647999
41.354518 -104.031907
21.093477 120.467844
44.02681 45.056479
-10.808298 127.678899
15.895106 86.602155
29.749485 -123.178499
31.567996 -124.340722
37.867232 142.716937
-48.764012 156.858332
-41.627329 174.466254
58.295054 33.513357
-34.51735 162.6337
-59.687435 66.58047
56.920238 59.399409
-25.119872 -143.773862
31.170854 -55.855267
9.459694 -90.825083
-35.105413 -49.527283
-22.939624 144.455517
30.460426 -169.2456
-11.848101 3.816496
34.098048 153.286737
-11.026063 -158.393533
-57.04539 -138.584163
-50.233568 89.966173
48.234747 -12.45622
-43.233025 -134.31981
22.722946 161.870584
55.150581 28.398495
-54.749329 -40.882925
34.567171 -142.146444
-51.073698 -25.170843
-27.238377 -129.719303
48.245283 -95.707019
-30.378269 93.571705
37.636879 -99.546124
10.14846 1.035892
45.968893 -43.098966
54.356384 44.135552
-1.36634 -134.207083
-39.058992 -131.279972
6.041126 -160.648875
-21.72491 -62.426354
-24.31132 130.582515
-28.868919 64.865827
-37.719406 61.86065
48.427045 -19.732616
-14.033645 57.681518
-6.630667 12.889085
-8.638084 -88.250441
2.575134 166.377855
59.551812 -78.444899
-1.770959 -12.538798
10.237247 -166.007718
-14.743818 66.953394
13.725007 4.797542
5.597971 -177.220044
55.437828 -37.895663
13.609438 -7.229096
47.115624 53.780018
-37.751098 50.951604
49.97714 176.265301
-12.093537 5.562817
29.259486 154.915516
22.820837 11.033456
50.942984 44.479838
28.301732 21.615061
24.950414 -177.700801
-45.273247 124.993531
27.165023 -107.686163
-38.293255 28.811654
-38.544546 82.706289
45.744566 -165.665675
-15.27061 14.492955
-4.061718 28.162361
2.178859 -150.213499
-53.291738 137.246153
-2.808894 -165.735129
-3.622855 158.13396
-8.926173 -71.264823
25.619613 151.048603
36.230533 -54.893941
-17.421932 -50.22007
51.314007 -84.64985
-47.885026 -121.638653
12.380825 -8.532452
46.611163 -49.967519
2.43134 78.569485
-18.699725 174.581956
-57.739663 154.686408
-33.412398 41.075147
28.653087 13.635561
12.328837 -99.313521
40.824789 42.072226
-17.728349 -12.191223
-29.871363 94.864598
15.4111 -151.404482
40.405474 -149.872464
-26.613518 -95.364943
59.608063 -129.515276
51.186667 -119.909817
47.924961 -96.588793
-14.400038 -159.572884
28.085136 135.569864
-41.405912 -87.769162
49.706 -142.162203
-3.629225 108.411306
20.929346 -159.509103
-19.768007 -127.847634
-23.196481 -138.188523
-53.87202 -68.103446
27.242933 53.158274
-10.29421 -111.867876
23.824544 -95.814635
14.143695 -177.490338
39.989826 -48.608772
22.238039 3.548722
-19.960087 -63.489612
16.888154 25.086866
11.800554 -14.080399
37.150131 -90.092246
46.904142 -43.374864
-13.068304 2.61981
47.021672 126.642722
-56.920961 -91.681212
43.316078 -102.883314
20.139186 -20.575033
-16.40612 -61.160275
0.278802 -86.61695
-46.019166 27.72099
-59.120261 -61.354616
55.647758 150.475263
-24.39488 -92.459608
-34.364399 135.234182
-35.671587 -129.727689
-25.050877 35.219143
-41.836094 46.254336
38.256664 -122.605107
54.788872 37.414267
43.530357 -59.388497
-4.206905 46.222095
6.189051 166.331071
-57.948636 -92.802053
-30.095148 108.305535
42.477378 -135.717546
-32.707171 95.203625
20.630741 99.814434
13.900981 140.777805
37.330209 -173.334589
-37.314243 177.727724
-17.393335 115.464868
26.651302 109.755404
-49.416995 -79.195563
16.130995 -106.013046
-41.673182 -86.165755
22.652519 -97.512692
-11.744841 93.543807
-29.296646 95.955053
-35.596817 -12.704964
-53.145639 -47.8259
-56.955396 83.58119
-13.326947 -47.917064
6.516382 -87.899095
-3.483365 -9.488984
-5.925817 -35.646053
-28.846181 -67.212626
-47.519146 13.201942
-35.966011 -134.875835
7.354534 7.754475
-9.206501 97.805969
-45.122024 168.90791
-48.698882 -133.553554
-37.999234 118.873676
36.47617 -168.043788
37.584138 -48.325295
37.56665 164.380837
-19.711475 -26.317147
-24.911137 -22.50329
-41.475692 57.270753
-47.781957 -30.197781
40.651159 112.103827
-20.097325 153.568964
0.479996 -153.794802
22.901906 25.373914
26.679831 134.354906
-57.403418 -108.05346
21.142827 -30.958816
-42.685346 35.48221
44.494276 -32.517773
-28.621091 2.020627
-42.850913 -37.190755
50.407573 48.590906
-25.860693 13.304997
-28.25647 37.282369
-38.156598 -40.032955
44.129947 -91.769734
43.405275 -116.30625
-19.536134 146.953172
58.335943 44.103882
-15.19081 81.290496
-34.123017 168.027653
46.676837 0.651285
26.155825 -58.542723
46.079692 -16.393413
-39.699567 -95.315362
-17.580405 -161.48893
53.480919 -107.958089
36.164368 52.493713
-10.907049 -62.69002
26.516248 -168.391003
-3.348415 -77.014778
-16.096252 -122.963268
-48.239766 -25.955967
24.308549 -37.959221
19.123521 54.103867
-37.318161 -126.493695
2.587345 -20.380699
43.553365 120.203146
-53.66802 144.924263
-56.000437 125.677555
28.605856 127.473906
11.066108 -37.926049
-13.001771 -170.474653
-33.56821 -118.899855
-46.232596 58.954745
2.965702 79.989115
35.183942 84.440849
-15.093455 -28.810199
46.501392 -30.557692
44.075786 31.440715
29.277529 154.730693
-35.765786 -159.367592
-11.179035 82.096291
-50.360548 -20.517889
-53.36334 131.403319
-45.761364 178.143619
33.291145 -53.724927
-31.464948 30.304719
-11.468412 78.825383
1.668535 0.637273
-13.47054 5.738529
30.456426 -145.822821
10.177156 -177.706293
37.702591 -39.236287
44.771925 -137.119008
34.05394 -145.421505
36.909393 -42.488493
27.734456 -87.20819
52.82818 -93.313548
41.654936 144.723097
45.566691 -139.699589
57.832642 -109.461698
25.16072 -143.030473
44.54708 22.224164
39.492187 70.817379
-41.460597 -38.164994
-23.740341 167.95965
23.065848 -60.265597
-16.184678 12.110514
38.731642 -43.851231
-26.00151 91.437451
-36.109518 97.91052
-28.950497 -159.949922
24.196394 62.799514
-47.638652 90.564949
-18.262339 -7.479566
-38.051933 5.04726
12.590689 92.278026
46.685444 -126.970492
20.098267 -33.847332
-12.496307 -108.076857
42.009068 -101.757833
26.148989 30.081899
-1.474697 -86.080339
25.303492 -62.59547
-24.753513 -13.265799
-41.234083 -120.768879
-30.841036 23.473341
33.663901 149.89867
21.877528 9.352539
18.657762 -77.148947
3.903026 -155.289784
34.753385 116.394536
15.84739 -35.617407
-14.158488 11.343244
31.84429 -23.397876
-18.332008 -31.319644
-48.889299 -80.022807
7.335767 45.167849
3.409889 -101.60956
47.664545 52.959938
32.392582 38.121937
-18.642391 58.542431
22.730297 95.609413
-8.495443 -72.814279
35.438949 -16.73461
51.462702 94.211408
48.579478 159.615671
-24.92936 170.153234
0.047234 129.949873
52.57074 -94.669029
-16.56445 37.872168
-48.935933 11.656708
-43.459746 93.447901
-49.497746 -48.08818
20.346049 169.069135
42.190998 140.174827
-57.776349 -115.142244
-59.0268 -177.360466
-32.024387 -165.793826
-29.624194 -61.692445
15.824606 38.495855
-18.448566 64.052283
-1.555492 48.658725
-45.025842 -3.386595
12.210079 -52.382514
-55.865811 -85.291856
-5.203413 -6.947484
-57.780578 158.556408
-38.088877 42.917872
57.513267 76.332832
-37.4254 71.477334
26.74973 -134.851816
-30.711882 89.632023
6.403926 -67.728728
-3.408655 90.924705
43.677675 -22.811579
-40.84617 -151.907794
24.224276 169.48523
13.273507 141.683699
40.423537 -166.248675
-48.439963 -23.407377
-10.209069 88.675492
-27.722356 -172.721581
52.720435 -19.415118
5.014401 -96.055298
3.153173 118.909151
-7.90484 -113.014724
-37.126941 -16.829898
26.700213 -169.743648
13.379526 118.98874
-47.539011 59.435933
-0.512772 -33.029783
-44.918362 73.544792
-6.534716 91.475912
22.322269 -10.026245
-8.298334 -56.27148
43.491531 -12.669478
27.298405 -101.080232
-30.144346 101.961474
26.783259 -9.973711
-26.318726 166.797046
7.938054 -7.438853
-13.13997 -57.584596
-36.754951 5.052188
-39.422344 40.621412
-27.375417 -36.979535
-35.975579 83.059979
-28.836701 -168.302409
57.328249 135.501725
52.574718 8.843897
-41.746887 -78.5173
25.750512 166.097808
-21.734066 -172.381205
43.863011 76.615273
8.746308 -82.137857
45.420204 81.578035
40.600913 155.786881
14.030434 61.411163
-5.663252 -132.828951
-50.664779 73.739248
55.006428 -121.387069
-42.261553 98.375237
-17.767348 35.078605
31.84534 59.516478
-51.339945 45.910574
-33.511709 -62.676162
40.184826 -112.017756
10.851178 74.9253
59.148507 54.721828
-47.149732 74.68406
-42.160352 0.420407
-44.12706 -46.128205
-16.975681 145.746166
56.35539 139.776665
-26.64669 -92.238174
42.579083 -132.298781
-38.154538 -93.126816
35.839434 -70.588872
43.140212 -7.764622
5.572989 -175.86652
-13.087215 -140.134794
51.765472 32.804808
5.855593 26.426955
-28.551415 146.445455
-7.104256 147.536256
6.623765 91.630984
-13.798 -133.828982
-46.017236 -90.05142
-4.771637 -81.922226
44.358042 99.235589
-21.147917 121.545043
50.826296 43.309481
-10.937208 5.360972
53.529017 70.307624
9.342775 5.454903
-50.150091 -142.177202
-23.606912 28.685588
-44.281381 -81.010783
-5.051103 -30.195795
-0.297963 -173.207237
32.096941 -97.154813
-20.041779 63.906125
-1.024618 34.862818
37.714261 159.340939
3.362846 -52.058309
3.01856 -36.264651
42.318267 -26.696126
-43.486639 -115.751909
2.578291 7.324454
1.494337 -53.783437
-45.599987 126.987702
-40.553975 -135.963347
-14.964897 -33.689013
18.318067 71.892127
-46.201595 -42.603082
36.353151 103.567768
1.677805 101.206894
-2.526885 106.356166
-31.919214 -6.247073
44.538231 102.930844
45.423317 -82.851113
-38.437192 -12.668486
-0.656633 -161.166864
-42.889476 109.542077
-21.698427 66.593977
-42.064784 139.77129
59.424063 178.557161
0.106545 -132.303159
-18.070769 -127.631456
40.541394 92.682925
-10.24319 66.747049
17.679587 -157.186038
-37.79235 42.784767
-39.927755 -167.883309
57.274132 -22.224868
57.345074 125.021386
-53.798232 170.443721
-31.015223 -48.426412
36.521495 -131.601427
3.700175 47.782629
26.226864 57.708468
-57.968604 116.242191
16.102833 68.162024
-32.546083 126.928536
53.187347 68.831019
15.624627 -59.82913
51.368331 44.558356
13.10506 141.537547
19.587284 126.626513
-27.150664 24.320868
-33.106172 105.963051
-0.245194 -111.655951
-7.33933 -13.038567
-57.506643 -122.599118
-20.373774 -6.297968
-56.45828 -4.086452
-37.727363 136.245278
-44.951747 122.508561
18.311407 100.567214
33.064125 -15.932652
-21.836639 -90.170568
57.422012 14.195149
3.162553 -23.269956
-33.794681 98.121416
-15.239179 -23.530051
-39.552246 129.136782
59.758029 -51.560898
19.516261 -5.769624
55.318516 -40.894545
16.858455 67.73251
-48.884904 152.82649
-48.905917 -22.115661
56.327826 -82.455905
-38.507171 85.257532
26.224225 165.156518
-16.105568 23.225691
-46.869403 -153.584498
-24.06047 8.390485
51.63117 74.890799
-4.243788 -13.059645
-20.722074 127.914502
49.541963 -38.164966
36.985654 6.135111
-53.315616 -149.831195
55.78601 60.630188
22.64253 31.060851
47.562659 18.342781
-53.425306 -52.316457
49.521181 30.096851
15.167097 -169.925092
-14.298363 167.683757
-22.240267 -15.423669
-45.577971 -145.852734
34.247255 -42.959855
13.979199 -130.708744
56.710875 59.908569
32.849761 4.134978
-3.344645 20.744471
-11.760266 76.491703
56.476312 -131.692786
-10.265954 65.256251
57.264748 -155.49414
-47.389108 17.722557
42.906597 55.505383
28.85044 12.397189
-43.470813 -86.017591
-29.874717 -106.33562
-33.064524 -113.583733
-20.333437 -125.766955
25.246855 60.974783
29.687488 -170.762479
24.10524 22.644695
-39.579052 -13.100232
36.947629 -83.962184
48.708111 157.123884
14.600996 -158.302232
7.316435 179.345253
2.097615 -70.013975
-58.461394 -30.753567
-53.858048 30.016906
3.815524 -1.434917
29.679167 95.847447
1.179849 -61.683094
35.646919 176.01952
25.730912 102.751376
-55.361091 -122.650918
33.01168 -141.450614
52.805235 -130.148652
-10.783518 -167.403352
-18.979291 130.865703
-13.946827 -12.552192
38.395735 178.544148
40.989963 120.967472
13.305634 -148.628099
-55.043296 141.118774
23.881449 67.302432
45.143825 9.713522
32.68477 24.269172
59.466704 82.464976
4.652082 -40.276802
-12.866874 -137.47693
-24.49938 -79.048507
-17.207278 -61.923746
44.924934 -49.184499
-1.984862 -11.436441
-4.816698 -92.446015
-4.243145 4.643895
32.223183 -154.128023
-58.609761 -145.154322
-6.434477 136.840791
-7.732696 -153.54445
35.305701 41.977398
-21.154283 -152.828159
52.67409 55.487385
-52.384916 -112.051751
-43.956473 153.036537
-16.418615 -133.689434
-15.536747 -22.457274
-31.282554 147.151887
-18.437285 -73.726756
-23.387282 -131.308161
27.581146 -150.962296
48.253746 146.333651
-19.264397 5.735979
35.163417 13.176781
-37.887576 -37.643344
-32.9417 -80.810827
34.488493 -48.055758
20.238912 -47.77797
46.097312 179.633056
-16.286652 88.692371
-17.958751 -95.026255
57.140028 -36.067296
-11.040175 65.604909
30.919466 -150.081515
7.581615 43.447612
36.626508 131.884288
-5.041475 -19.514416
-50.182821 44.436861
15.052556 -175.453129
57.9277 61.665198
-54.184212 35.65719
4.257373 -35.34037
-11.159714 60.910209
6.971554 44.877781
46.136065 -130.617952
15.304133 178.585685
2.830682 -8.381512
49.109962 6.113007
-22.842817 -53.949092
37.782901 -67.538242
-38.265159 161.986306
31.60415 133.625837
26.305366 -145.512058
-42.829751 146.817194
-33.604584 -131.340379
-20.772707 -71.777545
57.779082 -10.859656
51.396111 84.878268
43.232353 -73.978568
42.096103 3.590756
-44.38648 33.533301
-51.900661 9.077772
-25.101452 41.976033
-53.956609 154.649696
29.280794 -94.585875
-34.443465 56.498231
-47.289023 -121.200473
-18.67397 169.626881
26.097978 -14.351078
-38.530811 117.647597
25.717535 77.465822
37.876474 172.409191
-14.459642 -104.616513
23.098329 -127.507615
13.959551 -9.130219
6.083231 -29.280606
44.414308 -25.566189
-46.45621 124.598779
43.631371 19.715253
4.388569 -79.874846
-59.957668 -14.561747
-18.792961 -124.741532
-10.593896 -178.267479
4.037221 -27.247071
-9.011581 -61.917102
40.980433 -46.814842
-50.230951 12.540602
43.055469 -68.267086
21.767941 -127.05504
53.564616 -37.488899
10.092562 -104.397218
46.352071 -19.9356
3.224085 98.243399
53.683941 -98.740162
-44.594593 164.202377
-11.334193 47.074993
3.206742 14.942207
-22.344904 -54.741801
-41.700379 98.582666
58.200704 10.084901
0.112637 145.230847
-3.256976 -32.687361
-47.71096 -130.921244
-30.421709 -47.026798
36.1434 -102.972336
39.180915 -38.449036
-8.801748 138.707676
-4.668913 179.764035
-52.221547 -148.235964
-47.593142 -86.653287
-18.14228 -80.443118
8.398658 75.712121
-25.683014 75.409827
-18.425337 -151.218636
31.610839 -17.189396
-16.44829 139.609005
9.902822 -152.340667
17.000149 156.820381
-11.790175 126.024952
-21.873179 -109.676967
-58.64376 -125.487639
-31.846665 108.145765
20.10925 -5.724555
3.160558 111.599539
22.661679 168.49671
57.848533 -146.125188
6.475284 23.320455
-58.702576 97.33356
-6.516462 -167.68066
48.434423 130.548519
7.288186 113.236159
-14.272939 41.462848
-42.297281 -28.187828
51.139171 98.282584
32.031852 -96.146994
-32.940273 104.777726
2.749133 135.515779
-42.264258 -177.222743
2.465477 140.268912
1.912198 139.099193
-48.511815 -117.453993
-16.462676 -49.827021
-45.237724 -47.949787
25.877228 -86.194486
-16.067804 85.803458
25.036315 63.959815
-23.674441 41.299207
57.31326 143.859344
-39.534436 -84.277282
-57.41934 -101.450302
58.016404 174.819916
4.212147 170.420302
6.055145 -94.762914
-57.529449 178.289162
-14.146897 49.308261
13.871618 -131.778025
-12.572845 -113.662643
-3.703396 -14.335682
1.528273 95.950873
32.404136 52.625415
-58.947146 -143.426666
25.479856 62.909303
-58.08634 26.562095
-2.190463 94.367125
4.275959 42.664387
16.285586 -171.169512
-22.342451 161.271292
45.221637 178.533709
-0.106663 -112.666166
55.763814 -67.124276
17.081531 83.70191
-6.914794 150.416955
-44.746557 70.846009
-13.648766 5.479041
-0.897766 -45.047246
-6.762102 -175.352987
5.636912 117.54059
-16.344468 -152.458152
54.466281 -143.449419
47.023292 64.613346
27.107541 148.936959
-10.55673 144.954506
47.881952 164.421369
-35.876971 111.26238
-16.076751 -160.50594
-39.588708 14.867379
59.838186 -67.574834
-31.808361 -69.99464
-8.300538 176.675251
-25.445484 100.714904
-28.222067 -176.434958
59.230211 126.748471
-2.820058 -139.218079
32.152629 -118.360269
21.265079 134.954938
-59.967176 80.45645
-3.95623 102.71161
-33.432096 -164.67137
-19.833996 159.272306
4.987786 67.809026
-49.74729 124.805649
27.958987 159.001967
-29.680351 88.12542
4.939955 -129.436669
-17.8269 73.764922
24.903564 -39.04731
2.985828 -156.906064
7.010247 5.862478
1.004571 138.788991
34.898288 -60.850035
35.331247 119.935595
-27.2489 129.328181
-58.67135 -171.559771
-11.552626 -19.123429
38.630898 -74.380121
13.356824 -147.538258
-6.436888 140.575187
-58.377707 -36.139901
19.11224 116.054367
-45.60852 139.60707
-57.183198 95.938871
-0.435324 121.720069
42.276734 -122.65171
-1.809867 -133.455041
-34.161743 100.966307
-46.766764 38.109087
-12.466071 -155.960565
0.307414 -148.396196
-21.962557 -104.203758
-5.798805 -105.26826
21.175684 -163.735027
-18.0165 114.088969
40.448297 -19.937125
1.933553 -114.561204
-52.700167 -170.162317
-48.057025 118.729434
51.814979 42.640398
-5.088923 36.849762
-10.568039 -113.443966
7.326141 104.240902
57.867349 38.461566
-20.910719 172.500195
-11.766314 92.138218
8.933489 -61.278515
-46.054189 -82.975659
19.629685 26.410768
1.412638 -168.114318
-12.178625 -139.022408
11.688739 -9.8079
1.901331 -24.651651
56.582908 -113.655096
13.440367 -175.672909
6.425592 171.244263
-57.805243 -76.237381
-40.668307 66.61679
-0.802388 91.915385
-6.6256 -174.722486
-49.539158 2.471164
-17.446457 -18.669281
49.424238 -77.49573
-21.031644 154.781975
27.33379 -160.071884
15.601737 135.424369
-14.886401 123.184348
-40.362666 -102.939391
-25.988782 -149.506459
-9.951818 2.547054
45.806522 -123.650297
-57.667394 170.17156
54.303225 -154.393805
50.443242 73.613161
-32.966021 -73.239672
55.060418 19.42748
-5.033067 -121.435564
32.762331 133.730775
-36.489515 16.691717
-16.780338 -8.264755
-15.298567 -128.193912
-30.809232 -90.118761
-47.274297 62.557369
20.926245 -135.539714
-18.074221 112.429524
28.77068 -79.446655
-21.112523 170.163746
16.989793 74.04444
-6.354953 60.227147
57.939869 124.080532
40.824817 -154.3151
55.741012 -40.114375
-51.461985 -31.910219
-3.027828 129.786675
2.109506 131.423662
-50.313506 -118.583513
40.372389 -48.76401
-26.650356 59.114891
-13.915886 -98.980677
23.426789 -116.363938
14.87645 159.219245
-18.933399 -147.9437
38.682583 92.803163
-50.032311 -110.913074
-23.999655 30.515856
52.750547 -2.326485
-41.853058 -71.956169
-59.85731 -147.587781
-40.084306 -59.961529
16.314097 -51.694213
33.592191 -53.10262
56.644771 -28.72731
5.234836 130.72127
-20.082874 9.351419
2.090695 143.866071
-3.108287 -72.926361
-20.822871 77.457442
32.551031 114.340393
-27.462944 -19.243779
2.656631 -15.392751
-40.528383 -173.276962
-52.038338 61.965205
17.560939 126.525869
54.834021 92.55537
-51.727666 -120.804951
54.119844 -20.015459
51.70469 -81.977857
